12826,[0,53,25,62,0,46,39,50,0],0,0,137,138
12826,[0,12,30,35,40,0,47,56,72,70,0,18,47,13,32,0],0,0,101,132
12826,[0,8,11,37,72,74,0,25,59,84,67,92,0,18,49,2,93,77,0,88,33,84,80,95,0],0,0,172,283
12826,[0,88,32,57,99,35,70,0,28,10,24,42,39,14,0,86,97,10,56,97,53,0,53,91,41,92,61,49,0,53,7,14,8,4,31,0],0,0,160,180
12826,[0,55,62,29,41,92,5,25,0,88,83,42,35,63,72,62,0,51,64,55,51,82,68,67,0,97,78,93,58,54,98,93,0,56,63,56,4,57,60,15,0,63,79,13,4,70,93,66,0],0,0,232,400
12826,[0,77,39,28,53,14,48,96,13,0,78,81,52,26,88,97,97,17,0,92,55,49,48,35,99,97,93,0,19,54,9,21,65,9,87,5,0,99,28,45,60,65,11,36,69,0,59,86,9,58,19,13,59,72,0,45,56,53,55,18,9,42,68,0],0,0,138,381
12826,[0,92,68,29,87,65,55,82,89,27,0,90,59,9,82,51,12,76,9,35,0,15,79,99,64,33,61,6,91,68,0,22,79,51,4,39,21,13,31,97,0,97,76,34,72,39,77,69,82,15,0,84,55,77,6,95,98,59,11,64,0,89,38,30,43,85,12,28,59,37,0,28,12,42,22,5,23,3,18,66,0],0,0,202,306
12826,[0,96,74,20,41,21,31,13,48,32,25,0,28,19,96,49,49,18,98,40,69,17,0,33,64,34,76,18,78,76,21,13,2,0,85,22,32,1,32,45,33,83,7,51,0,3,86,48,99,20,42,28,80,15,60,0,55,47,12,41,96,64,8,20,43,79,0,13,15,82,16,34,66,90,8,19,56,0,86,38,65,78,34,22,3,17,74,4,0,12,52,91,50,40,64,6,53,71,95,0],0,0,137,399
12826,[0,19,30,76,78,15,13,24,15,43,63,49,0,14,61,7,34,30,54,81,78,81,91,43,0,88,50,89,93,77,63,16,45,70,75,33,0,70,69,32,26,46,4,73,64,39,33,95,0,47,25,61,44,69,39,30,76,56,1,86,0,29,61,76,30,11,6,32,7,33,70,1,0,35,92,59,81,60,86,98,34,71,67,4,0,22,27,29,35,60,13,55,30,14,22,67,0,21,49,1,7,16,48,98,29,99,16,88,0,29,5,82,84,36,28,23,76,8,2,2,0],0,0,136,594
12826,[0,90,66,82,47,37,35,43,51,98,72,78,96,0,23,90,96,64,28,86,86,90,18,25,68,55,0,45,64,7,94,18,23,73,3,53,20,22,66,0,84,90,90,94,71,36,44,36,37,44,26,97,0,96,36,54,68,69,19,58,85,11,94,13,8,0,48,10,66,44,56,1,3,79,96,70,23,84,0,51,29,52,42,46,22,98,28,65,72,13,25,0,26,38,89,73,14,97,92,97,80,24,49,80,0,7,7,70,69,63,76,63,82,34,61,28,90,0,32,13,89,5,12,97,78,40,23,54,41,7,0,59,27,51,59,36,24,46,63,41,73,75,58,0],5,0,217,538
12832,[0,34,74,76,5,97,42,11,91,71,47,87,22,19,0,5,85,12,87,31,44,12,58,74,32,51,68,67,0,92,62,98,44,96,53,37,23,8,48,69,47,85,0,52,59,22,20,13,34,5,86,68,97,55,6,84,0,58,33,76,28,92,80,85,78,38,83,88,11,94,0,91,56,46,79,96,70,6,87,72,11,39,80,15,0,16,43,30,80,97,66,13,79,34,26,92,86,19,0,56,47,44,69,93,14,90,52,52,97,25,26,80,0,67,15,43,68,61,57,83,81,43,64,38,41,53,0,81,1,10,7,86,93,2,18,96,11,14,46,32,0,78,3,4,37,70,9,7,49,30,20,15,40,71,0,52,20,40,82,70,24,70,68,78,23,76,92,19,0],64,0,183,624
12896,[0,67,68,10,46,73,61,85,7,38,41,38,43,50,78,0,85,32,61,18,10,24,5,74,94,66,8,8,22,20,0,41,91,78,14,44,34,31,27,6,23,13,69,13,71,0,13,27,72,58,79,46,37,31,51,14,88,18,34,75,0,2,55,90,69,98,11,14,95,17,2,71,44,62,67,0,73,76,77,72,88,81,46,26,27,88,37,37,92,12,0,83,45,16,76,78,75,52,55,44,71,87,8,37,13,0,32,85,58,13,66,56,80,12,15,64,3,86,75,55,0,27,35,65,8,60,47,25,73,64,64,58,38,59,63,0,63,5,77,85,83,41,88,45,67,55,76,66,65,10,0,56,72,7,16,19,86,47,82,94,68,29,36,51,79,0,66,14,91,34,50,86,18,31,81,81,67,18,85,97,0,24,61,30,39,48,21,69,27,7,70,96,28,69,38,0],839,0,158,546
