1836,[0,6,65,54,0,59,78,75,0],0,27,143,65
1845,[0,84,56,32,91,0,25,42,91,99,0,90,13,18,43,0],0,64,166,75
1861,[0,67,44,5,47,52,0,51,27,63,56,14,0,54,73,98,65,10,0,3,5,26,43,87,0],0,125,93,34
1886,[0,63,26,21,27,35,19,0,5,63,32,71,53,53,0,97,21,7,91,27,75,0,95,94,96,51,31,68,0,25,46,73,56,81,36,0],0,216,145,96
1922,[0,12,92,88,99,74,16,63,0,99,15,34,11,52,46,63,0,28,14,28,49,25,75,77,0,40,28,28,11,54,30,13,0,79,9,68,61,86,61,63,0,21,49,32,45,28,6,39,0],0,343,133,93
1971,[0,3,63,6,96,63,65,21,65,0,83,25,48,39,29,61,18,8,0,44,35,97,78,7,33,27,37,0,69,82,37,56,31,89,34,56,0,6,67,26,27,84,66,53,74,0,93,91,56,6,80,47,38,57,0,12,88,87,4,94,37,52,21,0],0,512,146,100
2035,[0,13,2,35,92,37,37,94,23,10,0,56,95,42,35,93,17,49,52,66,0,13,67,83,96,83,22,52,51,90,0,14,98,62,79,8,6,14,39,16,0,79,68,44,6,58,5,33,35,92,0,85,79,28,18,20,86,46,70,46,0,9,42,25,74,1,29,66,84,34,0,87,75,75,55,58,2,7,14,28,0],0,729,102,65
2116,[0,82,81,47,66,28,48,37,26,52,84,0,77,62,38,50,97,43,17,74,3,35,0,75,88,51,64,41,14,13,35,85,83,0,98,18,36,80,52,50,24,64,29,21,0,56,1,18,5,75,18,22,34,87,67,0,22,49,62,15,65,17,86,45,69,43,0,96,47,42,99,5,29,33,7,34,74,0,43,38,17,99,3,10,2,21,68,94,0,98,30,91,27,29,16,41,95,92,72,0],0,1000,152,115
2216,[0,18,25,66,72,24,99,65,83,16,95,37,0,37,41,96,71,13,80,56,5,32,49,52,0,90,34,90,85,73,98,29,84,85,11,73,0,19,5,20,83,25,55,24,19,21,30,10,0,31,65,52,49,8,35,50,5,51,75,79,0,69,19,50,72,36,33,9,23,50,44,52,0,15,24,54,87,52,43,88,84,77,4,80,0,91,99,52,97,61,70,18,93,28,84,59,0,37,49,45,94,5,93,85,48,86,76,34,0,50,71,6,88,62,52,25,21,84,45,50,0],0,1331,221,150
2337,[0,92,66,93,2,22,69,58,46,50,69,25,33,0,28,27,13,99,41,94,29,95,39,64,20,10,0,97,84,99,21,56,68,52,68,41,8,82,36,0,62,3,25,71,35,95,17,56,3,33,20,92,0,84,48,92,18,59,51,44,28,42,42,38,58,0,35,23,8,80,81,5,86,42,54,50,98,29,0,5,61,38,93,18,34,91,36,68,55,24,96,0,91,66,95,24,61,54,32,80,73,81,62,45,0,28,61,81,29,36,40,87,73,47,29,19,10,0,92,77,94,16,32,87,27,55,41,96,83,28,0,22,40,18,48,35,38,62,74,77,49,88,15,0],5,1728,198,165
2486,[0,8,20,97,96,23,24,12,98,60,99,2,65,43,0,42,70,84,11,27,23,50,60,99,83,33,6,26,0,68,78,98,4,6,66,7,84,54,3,18,37,7,0,60,94,68,51,8,54,69,29,51,20,91,11,90,0,65,84,17,16,66,6,72,36,91,13,94,86,42,0,36,74,91,76,6,85,21,32,70,20,22,97,23,0,30,94,86,58,16,67,77,88,91,67,91,30,94,0,83,91,5,35,91,80,60,62,25,80,98,65,68,0,69,8,97,84,47,43,5,84,15,87,39,77,98,0,6,85,94,61,88,47,85,8,74,91,47,98,77,0,27,16,30,29,30,5,78,28,89,31,72,98,4,0,5,70,50,44,46,43,30,94,90,63,10,82,90,0],66,2197,157,150
2722,[0,78,23,10,30,88,37,18,32,32,13,83,80,46,22,0,37,91,62,43,80,25,50,85,76,19,50,32,28,82,0,31,14,13,40,76,52,38,58,56,28,81,40,72,17,0,73,24,95,25,82,25,7,12,28,77,32,24,34,13,0,27,91,57,37,97,37,85,74,24,69,97,18,50,46,0,82,21,19,44,15,3,67,86,4,37,58,91,39,25,0,55,30,79,53,36,17,4,50,57,81,54,54,6,12,0,3,25,76,30,72,87,69,86,1,73,59,80,89,31,0,58,12,38,67,63,54,70,31,10,20,7,60,62,63,0,20,84,23,39,25,23,21,49,38,57,28,6,45,52,0,58,84,75,44,21,29,53,76,13,29,6,71,18,67,0,31,61,49,43,91,43,47,80,24,29,60,26,67,65,0,35,56,39,48,87,57,56,19,26,42,79,93,79,38,0],861,2744,180,164
2, [0, 17], 11192, 3375, 195, 169
