166246,[0,52,13,44,29,0,50,95,61,26,0,38,78,45,96,0],0,0,125,169
166246,[0,41,40,43,73,39,0,57,31,23,51,69,0,57,73,63,57,27,0,28,34,18,84,60,0],0,0,182,231
166246,[0,36,17,33,65,96,94,0,59,42,73,78,56,45,0,61,73,2,60,81,71,0,79,81,85,11,62,94,0,99,32,26,45,80,33,0],0,0,165,235
166246,[0,44,16,71,23,4,99,77,0,6,61,88,65,61,11,99,0,65,85,6,48,94,49,75,0,39,3,72,48,15,12,53,0,93,27,5,92,68,89,91,0,87,37,69,89,58,62,20,0],0,0,158,221
166246,[0,50,77,56,43,48,16,61,56,0,16,38,96,45,83,19,13,40,0,54,83,21,42,3,45,19,57,0,65,36,67,19,80,21,43,86,0,51,66,60,88,82,30,60,51,0,83,75,34,95,40,25,80,30,0,38,71,7,61,58,74,24,13,0],0,0,185,341
166246,[0,78,12,15,66,8,41,49,24,42,0,25,28,21,70,2,91,58,34,36,0,63,27,22,84,49,52,64,82,99,0,93,73,73,29,36,3,37,77,87,0,96,67,20,74,92,43,73,30,69,0,33,14,53,7,27,63,28,76,94,0,92,82,78,83,72,7,96,5,25,0,44,92,37,24,8,24,13,88,80,0],0,0,161,444
166246,[0,34,28,54,76,28,20,66,1,66,50,0,8,28,16,24,83,13,57,72,35,23,0,43,15,69,50,23,61,40,70,34,31,0,23,81,37,4,26,1,75,68,89,57,0,43,46,86,92,76,58,43,67,26,38,0,49,55,6,67,63,53,5,94,85,96,0,16,83,79,57,77,84,79,11,69,81,0,31,86,61,17,92,79,82,86,77,47,0,90,4,72,66,37,70,13,18,25,40,0],0,0,158,556
166246,[0,28,67,47,11,35,69,42,50,89,98,25,0,73,52,11,32,48,70,67,33,41,66,50,0,83,29,2,23,44,70,78,72,92,54,54,0,17,75,37,7,71,14,52,45,61,44,40,0,90,72,32,64,47,30,25,48,99,46,92,0,98,16,22,93,53,57,45,81,73,67,9,0,40,11,33,52,5,6,9,37,14,34,92,0,99,35,14,4,7,1,81,30,10,11,68,0,86,50,87,99,12,40,47,9,22,73,35,0,37,39,84,12,10,39,7,21,46,40,1,0],0,0,148,341
166246,[0,99,19,57,37,49,25,28,46,11,82,75,79,0,75,16,68,85,78,82,44,75,99,20,61,87,0,28,66,38,40,21,1,85,12,96,68,47,25,0,70,42,2,26,49,16,18,27,83,33,83,4,0,16,87,26,90,26,91,77,35,29,16,75,4,0,32,14,4,50,71,35,40,84,75,23,33,35,0,18,74,16,52,9,37,31,56,8,67,94,15,0,47,84,36,2,50,87,27,8,9,38,76,47,0,24,81,25,89,92,72,75,45,21,81,7,2,0,82,70,20,10,49,98,72,25,62,14,41,38,0,11,63,59,88,62,95,85,82,55,31,82,71,0],3,0,172,492
166250,[0,47,70,35,11,37,45,64,61,13,47,99,95,60,0,28,85,7,23,79,53,54,96,4,20,85,65,90,0,82,99,74,10,82,35,44,71,70,16,51,76,82,0,43,14,23,13,67,96,92,13,64,44,4,90,83,0,8,20,2,67,65,77,70,68,70,85,68,70,60,0,9,8,82,37,10,61,6,49,89,38,75,85,24,0,45,5,73,84,75,19,15,41,44,89,38,67,88,0,14,54,36,69,39,30,21,45,44,86,82,44,46,0,59,66,30,57,72,11,56,1,89,20,42,23,2,0,53,82,28,25,21,94,96,96,59,47,77,31,38,0,44,24,23,7,22,40,56,43,11,66,63,99,88,0,90,17,67,35,38,48,21,22,94,73,64,77,17,0],42,0,161,481
