714,[0,5,23,75,0,84,35,71,0],0,0,124,94
714,[0,25,32,94,68,0,86,79,89,98,0,13,87,60,45,0],0,0,173,198
714,[0,98,76,98,55,3,0,50,14,60,17,21,0,1,1,33,63,19,0,69,85,36,31,91,0],0,0,141,233
714,[0,28,28,72,79,78,73,0,83,89,74,57,88,55,0,84,77,50,85,76,76,0,15,93,95,36,8,89,0,37,22,97,24,60,21,0],0,0,212,243
714,[0,38,10,38,13,48,61,41,0,39,42,88,85,58,47,4,0,76,11,61,91,99,3,78,0,2,39,61,88,60,80,95,0,29,59,5,22,87,34,53,0,98,28,66,58,23,80,40,0],0,0,131,197
714,[0,86,1,87,1,14,96,10,96,0,21,85,70,14,68,43,52,47,0,29,28,64,69,31,68,39,58,0,13,2,66,4,84,8,27,74,0,6,25,57,85,69,27,94,94,0,72,33,28,70,13,60,16,62,0,39,83,53,84,27,18,96,29,0],0,0,140,316
714,[0,48,75,87,93,95,98,85,40,15,0,96,35,21,85,25,64,78,35,60,0,99,18,91,59,24,73,94,93,44,0,94,81,88,42,77,82,68,82,4,0,22,84,66,91,22,65,12,68,81,0,18,9,59,61,6,49,77,74,61,0,71,59,45,36,56,50,82,38,74,0,89,96,97,76,14,73,1,41,13,0],0,0,203,599
714,[0,5,50,10,69,67,46,5,67,93,28,0,95,17,54,69,73,15,66,79,40,39,0,16,90,51,32,81,7,96,81,75,84,0,51,97,59,57,48,32,16,33,25,52,0,6,49,32,2,2,3,83,7,56,45,0,87,52,63,58,72,77,2,77,74,13,0,75,72,33,51,63,41,28,19,54,26,0,68,83,39,36,55,33,2,80,47,45,0,53,97,6,60,95,41,26,74,20,56,0],0,0,109,342
714,[0,63,41,52,55,60,7,11,58,21,67,64,0,31,5,47,35,49,87,36,56,47,29,87,0,47,70,94,45,33,16,94,85,83,48,37,0,74,50,76,42,45,98,56,36,2,40,28,0,26,32,65,99,52,29,61,52,51,39,5,0,45,19,91,62,3,34,51,79,71,95,41,0,47,86,75,74,30,2,4,50,79,10,52,0,1,70,46,76,56,99,95,97,44,28,41,0,23,60,88,75,66,13,7,17,94,79,79,0,17,88,15,24,14,75,89,62,5,32,11,0],0,0,160,570
714,[0,35,79,39,50,55,97,95,78,27,57,80,75,0,5,6,24,99,28,41,11,79,80,95,87,55,0,18,63,4,78,80,43,22,87,50,40,6,66,0,51,8,13,35,1,6,23,76,47,65,28,23,0,82,83,75,81,95,12,71,11,7,33,74,41,0,51,44,81,77,22,47,77,71,68,54,99,63,0,91,53,38,79,46,66,86,19,24,37,64,35,0,38,79,89,88,33,9,38,67,81,47,34,76,0,61,69,57,45,14,1,22,76,46,13,89,22,0,71,10,44,50,23,63,20,71,71,31,67,68,0,39,49,78,33,90,62,62,93,8,89,90,24,0],5,0,202,565
720,[0,56,94,72,46,80,69,56,49,30,89,98,92,72,0,14,43,36,58,59,43,10,30,98,23,53,92,38,0,14,95,31,32,70,74,30,42,73,2,43,66,8,0,23,51,66,81,50,45,34,84,31,88,16,64,18,0,77,68,55,87,74,91,92,42,86,92,17,95,49,0,30,65,82,94,3,39,71,80,32,45,50,5,9,0,42,46,6,87,63,98,85,9,43,24,52,47,52,0,99,41,15,37,67,44,67,41,99,28,72,75,53,0,16,89,9,48,46,79,80,34,67,82,54,5,89,0,39,42,41,14,28,66,1,21,32,64,86,36,98,0,69,8,13,37,10,67,91,64,56,72,52,31,42,0,35,26,7,94,10,64,71,69,25,53,95,45,23,0],62,0,184,621
783,[0,88,90,89,38,71,98,52,48,89,57,74,98,11,23,0,14,2,56,21,54,15,74,16,70,66,91,74,97,24,0,72,61,49,24,9,26,61,63,60,37,37,76,46,60,0,29,34,47,85,82,51,39,72,47,86,48,24,99,92,0,12,82,7,79,31,51,86,52,24,12,49,37,45,26,0,49,28,84,53,13,43,75,48,32,7,27,52,5,53,0,7,87,59,83,3,52,48,22,23,21,29,86,9,95,0,10,28,68,11,88,53,27,22,40,25,20,40,2,24,0,21,90,77,97,22,47,33,86,48,30,31,75,52,22,0,77,38,52,23,33,47,50,84,51,79,72,13,64,46,0,78,56,3,64,71,87,35,60,16,53,13,97,25,70,0,71,1,74,29,1,2,6,1,86,79,6,38,15,24,0,75,54,61,84,12,17,84,89,95,57,96,5,62,31,0],830,0,201,685
12826,[0,53,25,62,0,46,39,50,0],0,0,137,112
12826,[0,12,30,35,40,0,47,56,72,70,0,18,47,13,32,0],0,0,101,132
12826,[0,8,11,37,72,74,0,25,59,84,67,92,0,18,49,2,93,77,0,88,33,84,80,95,0],0,0,172,283
12826,[0,88,32,57,99,35,70,0,28,10,24,42,39,14,0,86,97,10,56,97,53,0,53,91,41,92,61,49,0,53,7,14,8,4,31,0],0,0,160,180
12826,[0,55,62,29,41,92,5,25,0,88,83,42,35,63,72,62,0,51,64,55,51,82,68,67,0,97,78,93,58,54,98,93,0,56,63,56,4,57,60,15,0,63,79,13,4,70,93,66,0],0,0,232,400
12826,[0,77,39,28,53,14,48,96,13,0,78,81,52,26,88,97,97,17,0,92,55,49,48,35,99,97,93,0,19,54,9,21,65,9,87,5,0,99,28,45,60,65,11,36,69,0,59,86,9,58,19,13,59,72,0,45,56,53,55,18,9,42,68,0],0,0,138,381
12826,[0,92,68,29,87,65,55,82,89,27,0,90,59,9,82,51,12,76,9,35,0,15,79,99,64,33,61,6,91,68,0,22,79,51,4,39,21,13,31,97,0,97,76,34,72,39,77,69,82,15,0,84,55,77,6,95,98,59,11,64,0,89,38,30,43,85,12,28,59,37,0,28,12,42,22,5,23,3,18,66,0],0,0,202,306
12826,[0,96,74,20,41,21,31,13,48,32,25,0,28,19,96,49,49,18,98,40,69,17,0,33,64,34,76,18,78,76,21,13,2,0,85,22,32,1,32,45,33,83,7,51,0,3,86,48,99,20,42,28,80,15,60,0,55,47,12,41,96,64,8,20,43,79,0,13,15,82,16,34,66,90,8,19,56,0,86,38,65,78,34,22,3,17,74,4,0,12,52,91,50,40,64,6,53,71,95,0],0,0,137,399
12826,[0,19,30,76,78,15,13,24,15,43,63,49,0,14,61,7,34,30,54,81,78,81,91,43,0,88,50,89,93,77,63,16,45,70,75,33,0,70,69,32,26,46,4,73,64,39,33,95,0,47,25,61,44,69,39,30,76,56,1,86,0,29,61,76,30,11,6,32,7,33,70,1,0,35,92,59,81,60,86,98,34,71,67,4,0,22,27,29,35,60,13,55,30,14,22,67,0,21,49,1,7,16,48,98,29,99,16,88,0,29,5,82,84,36,28,23,76,8,2,2,0],0,0,136,594
12826,[0,90,66,82,47,37,35,43,51,98,72,78,96,0,23,90,96,64,28,86,86,90,18,25,68,55,0,45,64,7,94,18,23,73,3,53,20,22,66,0,84,90,90,94,71,36,44,36,37,44,26,97,0,96,36,54,68,69,19,58,85,11,94,13,8,0,48,10,66,44,56,1,3,79,96,70,23,84,0,51,29,52,42,46,22,98,28,65,72,13,25,0,26,38,89,73,14,97,92,97,80,24,49,80,0,7,7,70,69,63,76,63,82,34,61,28,90,0,32,13,89,5,12,97,78,40,23,54,41,7,0,59,27,51,59,36,24,46,63,41,73,75,58,0],5,0,217,538
12832,[0,34,74,76,5,97,42,11,91,71,47,87,22,19,0,5,85,12,87,31,44,12,58,74,32,51,68,67,0,92,62,98,44,96,53,37,23,8,48,69,47,85,0,52,59,22,20,13,34,5,86,68,97,55,6,84,0,58,33,76,28,92,80,85,78,38,83,88,11,94,0,91,56,46,79,96,70,6,87,72,11,39,80,15,0,16,43,30,80,97,66,13,79,34,26,92,86,19,0,56,47,44,69,93,14,90,52,52,97,25,26,80,0,67,15,43,68,61,57,83,81,43,64,38,41,53,0,81,1,10,7,86,93,2,18,96,11,14,46,32,0,78,3,4,37,70,9,7,49,30,20,15,40,71,0,52,20,40,82,70,24,70,68,78,23,76,92,19,0],64,0,183,624
12896,[0,67,68,10,46,73,61,85,7,38,41,38,43,50,78,0,85,32,61,18,10,24,5,74,94,66,8,8,22,20,0,41,91,78,14,44,34,31,27,6,23,13,69,13,71,0,13,27,72,58,79,46,37,31,51,14,88,18,34,75,0,2,55,90,69,98,11,14,95,17,2,71,44,62,67,0,73,76,77,72,88,81,46,26,27,88,37,37,92,12,0,83,45,16,76,78,75,52,55,44,71,87,8,37,13,0,32,85,58,13,66,56,80,12,15,64,3,86,75,55,0,27,35,65,8,60,47,25,73,64,64,58,38,59,63,0,63,5,77,85,83,41,88,45,67,55,76,66,65,10,0,56,72,7,16,19,86,47,82,94,68,29,36,51,79,0,66,14,91,34,50,86,18,31,81,81,67,18,85,97,0,24,61,30,39,48,21,69,27,7,70,96,28,69,38,0],839,0,158,546
